-- SAMPLE 1 --
5 5
2 3 3 4 5
2 4 4 1 4
2 1 0 2 1
4 2 1 3 4
3 1 2 2 3
-- SAMPLE 2 --
5 5
2 3 3 4 5
3 4 4 1 4
2 1 0 2 1
4 2 1 3 4
3 1 2 2 3
-- TEST 1 --
20 20
42 40 38 36 37 43 43 42 43 45 47 45 43 41 48 48 56 54 56 59
43 38 39 37 43 42 59 59 41 42 42 42 41 42 46 48 48 53 55 59
44 40 39 37 42 59 59 59 57 55 54 54 40 41 47 45 49 51 56 61
43 40 42 42 43 60 19 19 19 53 53 54 42 43 45 47 51 50 56 59
43 41 40 59 60 60 20 19 20 53 43 45 40 39 47 46 50 49 56 58
43 63 62 62 19 20 20 18 20 53 43 43 42 38 46 45 51 48 55 57
63 63 64 70 70 71 19 21 20 52 41 42 42 40 47 44 53 50 55 57
63 64 65 68 74 73 19 19 21 52 51 44 40 41 48 46 51 50 55 57
42 44 35 34 74 27 25 23 22 21 51 45 47 45 47 47 50 51 53 58
44 42 35 35 74 27 23 23 38 37 50 49 48 47 46 47 49 49 51 57
43 41 37 37 74 29 34 33 38 37 42 43 46 46 46 47 47 50 52 57
44 41 38 36 74 31 32 37 38 38 37 42 45 45 46 47 46 52 53 51
45 40 39 77 76 33 34 37 38 86 86 42 42 44 44 48 48 50 49 53
47 40 41 77 79 35 34 37 37 86 86 87 42 43 43 94 96 97 48 54
47 42 41 43 80 83 83 84 85 86 90 87 42 43 93 93 41 98 50 56
49 42 42 43 81 82 45 44 45 46 90 90 91 93 92 40 40 40 51 55
49 41 43 45 45 43 44 43 43 48 50 49 46 46 44 44 41 41 51 53
51 42 42 43 43 45 46 43 44 46 48 49 45 46 44 42 42 39 52 51
51 43 43 44 45 44 45 44 42 48 47 47 45 45 43 44 42 40 53 49
51 49 51 51 51 50 48 48 50 50 48 50 50 52 51 53 52 52 51 49
